service_id,monday,tuesday,wednesday,thursday,friday,saturday,sunday,start_date,end_date
11300:100-39-127,1,1,1,1,1,1,1,20260821,20270814
11300:101-39-127,1,1,1,1,1,1,1,20260821,20270813
11300:102-39-127,1,1,1,1,1,1,1,20260821,20270814
11300:103-39-127,1,1,1,1,1,1,1,20260901,20270702
11300:10-39-127,1,1,1,1,1,1,1,20260902,20270630
11300:104-39-127,1,1,1,1,1,1,1,20260901,20270702
11300:105-39-127,1,1,1,1,1,1,1,20260821,20270813
11300:106-39-127,1,1,1,1,1,1,1,20260821,20270814
11300:107-39-127,1,1,1,1,1,1,1,20260822,20270814
11300:108-39-127,1,1,1,1,1,1,1,20260901,20270702
11300:109-39-127,1,1,1,1,1,1,1,20260901,20270702
11300:110-39-127,1,1,1,1,1,1,1,20260902,20270703
11300:111-39-127,1,1,1,1,1,1,1,20260901,20270702
11300:112-39-127,1,1,1,1,1,1,1,20260901,20270702
11300:113-39-16,0,0,0,0,1,0,0,20260821,20270813
11300:11-39-127,1,1,1,1,1,1,1,20260907,20270628
11300:114-39-4,0,0,1,0,0,0,0,20260826,20270811
11300:115-39-127,1,1,1,1,1,1,1,20260826,20270811
11300:117-39-127,1,1,1,1,1,1,1,20260901,20270702
11300:118-39-127,1,1,1,1,1,1,1,20260821,20270813
11300:119-39-127,1,1,1,1,1,1,1,20260901,20270702
11300:120-39-127,1,1,1,1,1,1,1,20260901,20270702
11300:121-39-127,1,1,1,1,1,1,1,20260902,20270630
11300:122-39-127,1,1,1,1,1,1,1,20260901,20270702
11300:123-39-127,1,1,1,1,1,1,1,20260902,20270630
11300:12-39-127,1,1,1,1,1,1,1,20260905,20270703
11300:124-39-127,1,1,1,1,1,1,1,20260901,20270702
11300:126-39-127,1,1,1,1,1,1,1,20260821,20260831
11300:127-39-127,1,1,1,1,1,1,1,20260822,20260829
11300:133-39-127,1,1,1,1,1,1,1,20260821,20260831
11300:13-39-127,1,1,1,1,1,1,1,20260901,20270703
11300:136-39-16,0,0,0,0,1,0,0,20260821,20260911
11300:137-39-127,1,1,1,1,1,1,1,20260821,20270814
11300:138-39-127,1,1,1,1,1,1,1,20260901,20270702
11300:139-39-127,1,1,1,1,1,1,1,20260902,20270630
11300:140-39-127,1,1,1,1,1,1,1,20260901,20270702
11300:141-39-127,1,1,1,1,1,1,1,20260821,20270813
11300:142-39-127,1,1,1,1,1,1,1,20260826,20270811
11300:143-39-127,1,1,1,1,1,1,1,20260821,20270813
11300:14-39-127,1,1,1,1,1,1,1,20260904,20270702
11300:144-39-127,1,1,1,1,1,1,1,20260822,20270814
11300:145-39-127,1,1,1,1,1,1,1,20260821,20270814
11300:146-39-127,1,1,1,1,1,1,1,20260821,20270813
11300:147-39-127,1,1,1,1,1,1,1,20260901,20270703
11300:148-39-127,1,1,1,1,1,1,1,20260901,20270702
11300:149-39-127,1,1,1,1,1,1,1,20260903,20270701
11300:150-39-127,1,1,1,1,1,1,1,20260821,20270813
11300:151-39-4,0,0,1,0,0,0,0,20260826,20270811
11300:152-39-16,0,0,0,0,1,0,0,20260821,20270813
11300:153-39-2,0,1,0,0,0,0,0,20260825,20270810
11300:15-39-127,1,1,1,1,1,1,1,20260901,20270701
11300:154-39-127,1,1,1,1,1,1,1,20260822,20270814
11300:155-39-127,1,1,1,1,1,1,1,20260901,20270703
11300:156-39-127,1,1,1,1,1,1,1,20260901,20270629
11300:157-39-127,1,1,1,1,1,1,1,20260901,20270702
11300:158-39-127,1,1,1,1,1,1,1,20260901,20270702
11300:159-39-127,1,1,1,1,1,1,1,20260901,20270702
11300:160-39-127,1,1,1,1,1,1,1,20260901,20270702
11300:161-39-127,1,1,1,1,1,1,1,20260901,20270702
11300:162-39-127,1,1,1,1,1,1,1,20260904,20270702
11300:16-39-127,1,1,1,1,1,1,1,20260821,20270813
11300:164-39-127,1,1,1,1,1,1,1,20260901,20270702
11300:165-39-127,1,1,1,1,1,1,1,20260902,20270630
11300:166-39-127,1,1,1,1,1,1,1,20260901,20270702
11300:167-39-127,1,1,1,1,1,1,1,20260901,20270703
11300:168-39-127,1,1,1,1,1,1,1,20260821,20270814
11300:169-39-127,1,1,1,1,1,1,1,20260821,20270813
11300:170-39-127,1,1,1,1,1,1,1,20260821,20270814
11300:171-39-127,1,1,1,1,1,1,1,20260902,20270703
11300:172-39-127,1,1,1,1,1,1,1,20260822,20270814
11300:173-39-127,1,1,1,1,1,1,1,20260901,20270702
11300:17-39-16,0,0,0,0,1,0,0,20260821,20270813
11300:174-39-127,1,1,1,1,1,1,1,20260907,20270628
11300:176-39-127,1,1,1,1,1,1,1,20260901,20270702
11300:177-39-127,1,1,1,1,1,1,1,20260902,20270630
11300:178-39-127,1,1,1,1,1,1,1,20260901,20270702
11300:179-39-18,0,1,0,0,1,0,0,20260821,20270813
11300:180-39-127,1,1,1,1,1,1,1,20260821,20270813
11300:181-39-127,1,1,1,1,1,1,1,20260901,20270702
11300:182-39-127,1,1,1,1,1,1,1,20260902,20270630
11300:183-39-127,1,1,1,1,1,1,1,20260901,20270702
11300:18-39-127,1,1,1,1,1,1,1,20260822,20270814
11300:184-39-127,1,1,1,1,1,1,1,20260821,20270813
11300:185-39-127,1,1,1,1,1,1,1,20260902,20270630
11300:186-39-127,1,1,1,1,1,1,1,20260901,20270702
11300:187-39-127,1,1,1,1,1,1,1,20260901,20270702
11300:188-39-127,1,1,1,1,1,1,1,20260901,20270702
11300:192-39-127,1,1,1,1,1,1,1,20260902,20270630
11300:193-39-127,1,1,1,1,1,1,1,20260901,20270702
11300:19-39-127,1,1,1,1,1,1,1,20260822,20270814
11300:194-39-127,1,1,1,1,1,1,1,20260901,20270702
11300:195-39-127,1,1,1,1,1,1,1,20260901,20270702
11300:196-39-127,1,1,1,1,1,1,1,20260901,20270702
11300:197-39-127,1,1,1,1,1,1,1,20260902,20270630
11300:198-39-127,1,1,1,1,1,1,1,20260902,20270703
11300:199-39-127,1,1,1,1,1,1,1,20260904,20270702
11300:200-39-127,1,1,1,1,1,1,1,20260901,20270701
11300:201-39-127,1,1,1,1,1,1,1,20260821,20270813
11300:202-39-127,1,1,1,1,1,1,1,20260826,20270811
11300:203-39-127,1,1,1,1,1,1,1,20260821,20270814
11300:20-39-127,1,1,1,1,1,1,1,20260821,20270813
11300:204-39-127,1,1,1,1,1,1,1,20260901,20270703
11300:205-39-127,1,1,1,1,1,1,1,20260901,20270702
11300:206-39-127,1,1,1,1,1,1,1,20260902,20270630
11300:207-39-127,1,1,1,1,1,1,1,20260901,20270701
11300:208-39-127,1,1,1,1,1,1,1,20260904,20270702
11300:209-39-127,1,1,1,1,1,1,1,20260901,20270702
11300:210-39-127,1,1,1,1,1,1,1,20260901,20270702
11300:211-39-127,1,1,1,1,1,1,1,20260901,20270702
11300:212-39-127,1,1,1,1,1,1,1,20260902,20270630
11300:213-39-127,1,1,1,1,1,1,1,20260901,20270702
11300:21-39-127,1,1,1,1,1,1,1,20260901,20270703
11300:214-39-127,1,1,1,1,1,1,1,20260901,20270702
11300:215-39-127,1,1,1,1,1,1,1,20260901,20270702
11300:216-39-127,1,1,1,1,1,1,1,20260901,20270702
11300:217-39-127,1,1,1,1,1,1,1,20260902,20270630
11300:218-39-127,1,1,1,1,1,1,1,20260901,20270702
11300:219-39-127,1,1,1,1,1,1,1,20260821,20270814
11300:220-39-127,1,1,1,1,1,1,1,20260901,20270702
11300:221-39-127,1,1,1,1,1,1,1,20260902,20270630
11300:222-39-127,1,1,1,1,1,1,1,20260901,20270702
11300:223-39-127,1,1,1,1,1,1,1,20260901,20270702
11300:22-39-2,0,1,0,0,0,0,0,20260825,20270810
11300:224-39-127,1,1,1,1,1,1,1,20260902,20270630
11300:225-39-127,1,1,1,1,1,1,1,20260901,20270702
11300:226-39-127,1,1,1,1,1,1,1,20260901,20270703
11300:227-39-127,1,1,1,1,1,1,1,20260821,20270813
11300:228-39-127,1,1,1,1,1,1,1,20260821,20270813
11300:229-39-127,1,1,1,1,1,1,1,20260821,20270814
11300:230-39-127,1,1,1,1,1,1,1,20260821,20270813
11300:231-39-127,1,1,1,1,1,1,1,20260821,20270814
11300:232-39-127,1,1,1,1,1,1,1,20260902,20270630
11300:233-39-127,1,1,1,1,1,1,1,20260905,20270703
11300:23-39-8,0,0,0,1,0,0,0,20260827,20270812
11300:234-39-127,1,1,1,1,1,1,1,20260901,20270702
11300:235-39-127,1,1,1,1,1,1,1,20260901,20270703
11300:236-39-127,1,1,1,1,1,1,1,20260901,20270702
11300:237-39-127,1,1,1,1,1,1,1,20260902,20270630
11300:238-39-127,1,1,1,1,1,1,1,20260901,20270702
11300:240-39-127,1,1,1,1,1,1,1,20260901,20270702
11300:241-39-127,1,1,1,1,1,1,1,20260902,20270630
11300:242-39-127,1,1,1,1,1,1,1,20260901,20270702
11300:243-39-127,1,1,1,1,1,1,1,20260821,20270815
11300:24-39-127,1,1,1,1,1,1,1,20260821,20270814
11300:244-39-127,1,1,1,1,1,1,1,20260821,20270813
11300:245-39-127,1,1,1,1,1,1,1,20260821,20270814
11300:246-39-127,1,1,1,1,1,1,1,20260823,20270808
11300:247-39-127,1,1,1,1,1,1,1,20260822,20270814
11300:248-39-95,1,1,1,1,1,0,1,20260821,20270815
11300:249-39-127,1,1,1,1,1,1,1,20260901,20270702
11300:250-39-127,1,1,1,1,1,1,1,20260902,20270630
11300:251-39-127,1,1,1,1,1,1,1,20260901,20270702
11300:252-39-127,1,1,1,1,1,1,1,20260901,20270702
11300:253-39-127,1,1,1,1,1,1,1,20260821,20270813
11300:25-39-4,0,0,1,0,0,0,0,20260826,20270811
11300:254-39-127,1,1,1,1,1,1,1,20260821,20270814
11300:255-39-127,1,1,1,1,1,1,1,20260901,20270702
11300:256-39-127,1,1,1,1,1,1,1,20260821,20270814
11300:257-39-127,1,1,1,1,1,1,1,20260901,20270703
11300:258-39-127,1,1,1,1,1,1,1,20260821,20270813
11300:259-39-127,1,1,1,1,1,1,1,20260822,20270814
11300:260-39-127,1,1,1,1,1,1,1,20260823,20270815
11300:261-39-127,1,1,1,1,1,1,1,20260906,20270704
11300:262-39-127,1,1,1,1,1,1,1,20260901,20270702
11300:263-39-127,1,1,1,1,1,1,1,20260902,20270630
11300:26-39-127,1,1,1,1,1,1,1,20260821,20270813
11300:264-39-127,1,1,1,1,1,1,1,20260901,20270702
11300:265-39-127,1,1,1,1,1,1,1,20260906,20270704
11300:266-39-127,1,1,1,1,1,1,1,20260901,20270703
11300:267-39-127,1,1,1,1,1,1,1,20260901,20270702
11300:268-39-127,1,1,1,1,1,1,1,20260821,20270814
11300:269-39-127,1,1,1,1,1,1,1,20260901,20270703
11300:270-39-127,1,1,1,1,1,1,1,20260901,20270703
11300:271-39-4,0,0,1,0,0,0,0,20260826,20270811
11300:272-39-127,1,1,1,1,1,1,1,20260901,20270702
11300:273-39-127,1,1,1,1,1,1,1,20260901,20270702
11300:27-39-127,1,1,1,1,1,1,1,20260905,20270703
11300:274-39-127,1,1,1,1,1,1,1,20260902,20270630
11300:275-39-127,1,1,1,1,1,1,1,20260901,20270701
11300:276-39-127,1,1,1,1,1,1,1,20260904,20270702
11300:277-39-127,1,1,1,1,1,1,1,20260901,20270814
11300:278-39-127,1,1,1,1,1,1,1,20260901,20270703
11300:279-39-127,1,1,1,1,1,1,1,20260901,20270813
11300:280-39-127,1,1,1,1,1,1,1,20261024,20270814
11300:281-39-127,1,1,1,1,1,1,1,20260901,20270814
11300:282-39-4,0,0,1,0,0,0,0,20260902,20270811
11300:283-39-127,1,1,1,1,1,1,1,20261019,20270814
11300:28-39-42,0,1,0,1,0,1,0,20260822,20270814
11300:284-39-127,1,1,1,1,1,1,1,20260901,20270702
11300:285-39-127,1,1,1,1,1,1,1,20260903,20270701
11300:286-39-127,1,1,1,1,1,1,1,20260907,20270628
11300:287-39-127,1,1,1,1,1,1,1,20260901,20270702
11300:288-39-127,1,1,1,1,1,1,1,20261019,20270813
11300:289-39-16,0,0,0,0,1,0,0,20260918,20270813
11300:29-39-55,1,1,1,0,1,1,0,20260821,20270814
11300:30-39-18,0,1,0,0,1,0,0,20260821,20270813
11300:31-39-127,1,1,1,1,1,1,1,20260821,20260831
11300:32-39-127,1,1,1,1,1,1,1,20260902,20270703
11300:33-39-127,1,1,1,1,1,1,1,20260826,20270811
11300:34-39-127,1,1,1,1,1,1,1,20260901,20270702
11300:35-39-127,1,1,1,1,1,1,1,20260903,20270701
11300:36-39-127,1,1,1,1,1,1,1,20260901,20270703
11300:37-39-127,1,1,1,1,1,1,1,20260821,20270814
11300:38-39-127,1,1,1,1,1,1,1,20260901,20270702
11300:39-39-29,1,0,1,1,1,0,0,20260821,20270813
11300:40-39-127,1,1,1,1,1,1,1,20260821,20260831
11300:41-39-127,1,1,1,1,1,1,1,20260823,20270815
11300:42-39-127,1,1,1,1,1,1,1,20260901,20270702
11300:4-39-127,1,1,1,1,1,1,1,20260821,20260831
11300:44-39-4,0,0,1,0,0,0,0,20260826,20260826
11300:45-39-127,1,1,1,1,1,1,1,20260821,20260831
11300:46-39-127,1,1,1,1,1,1,1,20260906,20270704
11300:47-39-127,1,1,1,1,1,1,1,20260822,20270815
11300:48-39-127,1,1,1,1,1,1,1,20260821,20270813
11300:49-39-127,1,1,1,1,1,1,1,20260903,20270701
11300:50-39-127,1,1,1,1,1,1,1,20260827,20270812
11300:51-39-127,1,1,1,1,1,1,1,20260822,20270814
11300:52-39-127,1,1,1,1,1,1,1,20260904,20270703
11300:53-39-127,1,1,1,1,1,1,1,20260901,20270702
11300:5-39-127,1,1,1,1,1,1,1,20260821,20260831
11300:54-39-127,1,1,1,1,1,1,1,20260901,20270702
11300:55-39-127,1,1,1,1,1,1,1,20260901,20270702
11300:56-39-127,1,1,1,1,1,1,1,20260901,20270702
11300:61-39-127,1,1,1,1,1,1,1,20260902,20270630
11300:62-39-127,1,1,1,1,1,1,1,20260901,20270702
11300:63-39-127,1,1,1,1,1,1,1,20260901,20270702
11300:6-39-127,1,1,1,1,1,1,1,20260822,20260829
11300:64-39-127,1,1,1,1,1,1,1,20260905,20270703
11300:65-39-127,1,1,1,1,1,1,1,20260821,20270813
11300:66-39-127,1,1,1,1,1,1,1,20260821,20270813
11300:67-39-18,0,1,0,0,1,0,0,20260821,20270813
11300:68-39-127,1,1,1,1,1,1,1,20260821,20270813
11300:69-39-127,1,1,1,1,1,1,1,20260821,20270814
11300:70-39-127,1,1,1,1,1,1,1,20260901,20270702
11300:71-39-127,1,1,1,1,1,1,1,20260901,20270702
11300:72-39-127,1,1,1,1,1,1,1,20260902,20270630
11300:73-39-127,1,1,1,1,1,1,1,20260901,20270702
11300:7-39-127,1,1,1,1,1,1,1,20260901,20270702
11300:74-39-127,1,1,1,1,1,1,1,20260901,20270702
11300:76-39-127,1,1,1,1,1,1,1,20260902,20270630
11300:77-39-127,1,1,1,1,1,1,1,20260901,20270702
11300:81-39-127,1,1,1,1,1,1,1,20260901,20270702
11300:82-39-127,1,1,1,1,1,1,1,20260902,20270630
11300:83-39-127,1,1,1,1,1,1,1,20260821,20270814
11300:8-39-127,1,1,1,1,1,1,1,20260821,20270814
11300:84-39-127,1,1,1,1,1,1,1,20260901,20270702
11300:85-39-127,1,1,1,1,1,1,1,20260901,20270702
11300:86-39-127,1,1,1,1,1,1,1,20260902,20270630
11300:87-39-127,1,1,1,1,1,1,1,20260901,20270702
11300:88-39-127,1,1,1,1,1,1,1,20260902,20270630
11300:89-39-127,1,1,1,1,1,1,1,20260901,20270702
11300:90-39-127,1,1,1,1,1,1,1,20260901,20270702
11300:92-39-127,1,1,1,1,1,1,1,20260901,20270702
11300:93-39-127,1,1,1,1,1,1,1,20260901,20270702
11300:9-39-127,1,1,1,1,1,1,1,20260901,20270702
11300:94-39-127,1,1,1,1,1,1,1,20260902,20270630
11300:95-39-127,1,1,1,1,1,1,1,20260901,20270702
11300:96-39-127,1,1,1,1,1,1,1,20260901,20270702
11300:97-39-127,1,1,1,1,1,1,1,20260902,20270630
11300:98-39-127,1,1,1,1,1,1,1,20260901,20270702
11300:99-39-127,1,1,1,1,1,1,1,20260901,20270702
