from_stop_id,to_stop_id,transfer_type,min_transfer_time
1023093,1023083,0,
1030648,1030642,0,
1030680,1030678,0,
1030688,1030684,0,
1030714,1030712,0,
1030718,1030716,0,
1030720,1030716,0,
1030720,1030718,0,
1030744,1030730,0,
1030750,1030748,0,
1030752,1030748,0,
1030768,1030760,0,
1030770,1030768,0,
1030772,1030762,0,
1030794,1030792,0,
1030804,1030802,0,
1030820,1030818,0,
1030850,1030848,0,
1030896,1030894,0,
1030902,1030900,0,
1030906,1030904,0,
1030908,1030906,0,
1030920,1030918,0,
1030952,1030946,0,
1030970,1030964,0,
1030974,1030972,0,
1030990,1030988,0,
1031016,1031006,0,
1031044,1031042,0,
1031058,1031048,0,
1031058,1031050,0,
1031088,1031086,0,
1031116,1031114,0,
1031134,1031130,0,
1031140,1031138,0,
1031174,1031170,0,
1031198,1031194,0,
1031212,1031210,0,
1031214,1031208,0,
1031236,1031232,0,
1031270,1031258,0,
1031272,1031268,0,
1031274,1031272,0,
1031304,1031300,0,
1031316,1031310,0,
1031322,1031312,0,
1031322,1031316,0,
1031364,1031358,0,
1031368,1031354,0,
1031370,1031362,0,
1031372,1031370,0,
1031394,1031390,0,
1031412,1031408,0,
1031428,1031422,0,
1031436,1031432,0,
1031440,1031436,0,
1031446,1031444,0,
1031452,1031442,0,
1031456,1031448,0,
1031458,1031450,0,
1031464,1031452,0,
1031480,1031472,0,
1031488,1031472,0,
1031494,1031486,0,
1031504,1031482,0,
1031534,1031518,0,
1031540,1031538,0,
1031572,1031570,0,
1031588,1031584,0,
1031616,1031614,0,
1031622,1031614,0,
1031622,1031616,0,
1031626,1031624,0,
1031630,1031628,0,
1031640,1031638,0,
1031648,1031644,0,
1031656,1031652,0,
1031664,1031662,0,
1031718,1031716,0,
1031726,1031724,0,
1031730,1031726,0,
1031732,1031722,0,
1031732,1031724,0,
1031754,1031752,0,
1031760,1031752,0,
1031762,1031748,0,
1031768,1031766,0,
1031776,1031774,0,
1031790,1031786,0,
1031802,1031798,0,
1031804,1031800,0,
1031806,1031796,0,
1031808,1031796,0,
1031808,1031806,0,
1031814,1031810,0,
1031818,1031816,0,
1031826,1031822,0,
1031842,1031840,0,
1031868,1031852,0,
1031876,1031874,0,
1031878,1031874,0,
1031878,1031876,0,
1031886,1031884,0,
1031898,1031892,0,
1031906,1031904,0,
1031926,1031914,0,
1031936,1031930,0,
1031944,1031930,0,
1031950,1031928,0,
1031954,1031930,0,
1031954,1031936,0,
1031958,1031956,0,
1031960,1031956,0,
1031960,1031958,0,
1031962,1031956,0,
1031962,1031958,0,
1031962,1031960,0,
1031966,1031956,0,
1031966,1031962,0,
1031980,1031976,0,
1031994,1031992,0,
1032012,1032010,0,
1032048,1032042,0,
1032090,1032074,0,
1032112,1032110,0,
1032130,1032128,0,
1032140,1032134,0,
1032148,1032146,0,
1032178,1032176,0,
1032206,1032204,0,
1032216,1032214,0,
1032250,1032248,0,
1032264,1032262,0,
1032266,1032262,0,
1032266,1032264,0,
1032272,1032270,0,
1032288,1032284,0,
1032308,1032304,0,
1032310,1032304,0,
1032310,1032308,0,
1032322,1032320,0,
1032328,1032326,0,
1032334,1032332,0,
1032338,1032336,0,
1032342,1032336,0,
1032342,1032338,0,
1032350,1032348,0,
1032358,1032354,0,
1032384,1032382,0,
1032406,1032402,0,
1032408,1032406,0,
1032438,1032436,0,
1032448,1032416,0,
1032472,1032470,0,
1032506,1032500,0,
1032510,1032508,0,
1032514,1032512,0,
1032520,1032518,0,
1032536,1032534,0,
1032542,1032540,0,
1032550,1032548,0,
1032572,1032566,0,
1032590,1032586,0,
1032632,1032628,0,
1032640,1032634,0,
1032662,1032660,0,
1032672,1032670,0,
1032684,1032680,0,
1032690,1032686,0,
1032748,1032746,0,
1032760,1032758,0,
1032764,1032762,0,
1032770,1032768,0,
1032830,1032828,0,
1032840,1032832,0,
1032856,1032852,0,
1032858,1032852,0,
1032858,1032856,0,
1032872,1032868,0,
1032904,1032902,0,
1032930,1032924,0,
1032942,1032940,0,
1032948,1032946,0,
1032964,1032960,0,
1032972,1032964,0,
1032976,1030622,0,
1032978,1030622,0,
1033000,1032998,0,
1033030,1033028,0,
1033080,1033058,0,
1033088,1033066,0,
1033112,1033108,0,
1033118,1033116,0,
1033140,1033138,0,
1033146,1033144,0,
1033150,1033144,0,
1033150,1033146,0,
1033166,1033162,0,
1033172,1033170,0,
1033176,1033172,0,
1033186,1033184,0,
1033190,1033186,0,
1033196,1033184,0,
1033200,1033184,0,
1033200,1033196,0,
1033216,1033210,0,
1033216,1033212,0,
1033260,1033254,0,
1033268,1033264,0,
1033280,1033278,0,
1033310,1033308,0,
1033322,1032630,0,
1033336,1033334,0,
1033340,1033338,0,
1033346,1033342,0,
1033366,1033360,0,
1033414,1033412,0,
1033422,1033420,0,
1033426,1033416,0,
1033428,1033416,0,
1033450,1033448,0,
1033478,1033476,0,
1033490,1033486,0,
1033494,1033492,0,
1033502,1033496,0,
1033502,1033500,0,
1033510,1033508,0,
1033520,1033518,0,
1033536,1033530,0,
1033540,1033530,0,
1033540,1033536,0,
1033546,1033544,0,
1033578,1033574,0,
1033592,1033590,0,
1033618,1033616,0,
1033638,1033634,0,
1033670,1033668,0,
1033686,1033684,0,
1033698,1033692,0,
1033744,1033738,0,
1033766,1033764,0,
1033770,1033762,0,
1033804,1033802,0,
1033806,1033800,0,
1033822,1033820,0,
1033828,1033818,0,
1033838,1033822,0,
1033852,1033820,0,
1033868,1033864,0,
1033884,1033880,0,
1033894,1033892,0,
1033912,1033910,0,
1033924,1033922,0,
1033932,1033920,0,
1033944,1033942,0,
1033948,1033942,0,
1033948,1033944,0,
1033950,1033942,0,
1033950,1033946,0,
1033958,1033956,0,
1033964,1033958,0,
1033972,1033968,0,
1033992,1033982,0,
1034000,1033998,0,
1034056,1034030,0,
1034070,1034068,0,
1034072,1034068,0,
1034090,1034088,0,
1034098,1034094,0,
1034124,1034120,0,
1034136,1034132,0,
1034154,1034152,0,
1034162,1034156,0,
1034200,1034198,0,
1034212,1034210,0,
1034220,1034218,0,
1034222,1034220,0,
1034230,1034224,0,
1034262,1030620,0,
1034262,1034244,0,
1034270,1034268,0,
1034282,1034278,0,
1034288,1034286,0,
1034294,1034292,0,
1034314,1034312,0,
1034350,1034344,0,
1034356,1034354,0,
1034366,1034364,0,
1034394,1034392,0,
1034402,1034400,0,
1034410,1034406,0,
1034414,1034412,0,
1034422,1034416,0,
1034440,1034438,0,
1034446,1034442,0,
1034448,1034438,0,
1034448,1034440,0,
1034448,1034442,0,
1034448,1034446,0,
1034450,1034438,0,
1034450,1034440,0,
1034472,1034470,0,
1034494,1034488,0,
1034500,1034498,0,
1034510,1034508,0,
1034522,1034520,0,
1034548,1034544,0,
1034550,1034548,0,
1034558,1034556,0,
1034584,1033068,0,
1034638,1034636,0,
1034650,1034646,0,
1034654,1034652,0,
1034662,1030954,0,
1034668,1031020,0,
1034682,1031362,0,
1034682,1031370,0,
1034682,1031372,0,
1034684,1031356,0,
1034684,1031362,0,
1034684,1031370,0,
1034690,1031398,0,
1034694,1031594,0,
1034698,1031720,0,
1034698,1031730,0,
1034700,1031726,0,
1034700,1031730,0,
1034700,1034698,0,
1034706,1031830,0,
1034740,1032496,0,
1034744,1032742,0,
1034754,1033216,0,
1034760,1034758,0,
1034762,1033262,0,
1034762,1033266,0,
1034762,1034760,0,
1034764,1033262,0,
1034794,1034792,0,
1034800,1034168,0,
1034802,1034218,0,
1034802,1034220,0,
1034808,1034376,0,
1034810,1034402,0,
1034818,1034814,0,
1034824,1032056,0,
1034832,1034224,0,
1034832,1034230,0,
1034834,1031716,0,
1034838,1032462,0,
1034842,1032508,0,
1034842,1032510,0,
1034870,1034058,0,
1034876,1032924,0,
1034876,1032930,0,
1034878,1034496,0,
1034878,1034502,0,
1034892,1033898,0,
1034898,1032416,0,
1034898,1032448,0,
1034900,1031938,0,
1034912,1034910,0,
1034916,1034250,0,
1034918,1031900,0,
1034922,1034398,0,
1034924,1033696,0,
1034932,1034004,0,
1034938,1031928,0,
1034938,1031946,0,
1034938,1031950,0,
1034940,1032816,0,
1034948,1033218,0,
1034952,1033840,0,
1034956,1031938,0,
1034956,1031940,0,
1034964,1034284,0,
1034966,1034282,0,
1034968,1034278,0,
1034974,1031578,0,
1034980,1032860,0,
1034984,1031698,0,
1034988,1033852,0,
1034990,1033824,0,
1034992,1031756,0,
1034994,1034310,0,
1035000,1034214,0,
1035002,1031470,0,
1035002,1031498,0,
1035004,1032192,0,
1035016,1032552,0,
1035026,1033004,0,
1035040,1032304,0,
1035040,1032310,0,
1035042,1034396,0,
1035056,1032664,0,
1035074,1033256,0,
1035078,1031388,0,
1035080,1035078,0,
1035086,1033112,0,
1035088,1033584,0,
1035098,1033754,0,
1035100,1034082,0,
1035106,1032500,0,
1035108,1033714,0,
1035116,1032666,0,
1035118,1032666,0,
1035120,1035118,0,
1035122,1031108,0,
1035150,1034238,0,
1035154,1034100,0,
1035154,1034102,0,
1035158,1034036,0,
1035164,1035152,0,
1035180,1034198,0,
1035180,1034200,0,
1035182,1032172,0,
1035196,1032172,0,
1035196,1035182,0,
1035200,1034464,0,
1035204,1032170,0,
1035210,1031222,0,
1035226,1031968,0,
1035228,1031964,0,
1035232,1032200,0,
1035248,1035246,0,
1035250,1030786,0,
1035256,1032106,0,
1035260,1032260,0,
1035264,1031644,0,
1035272,1033596,0,
1035274,1033596,0,
1035292,1034260,0,
1035294,1031560,0,
1035302,1035300,0,
1035306,1033012,0,
1035312,1032968,0,
1035314,1033488,0,
1035314,1033494,0,
1035338,1031000,0,
1035338,1034982,0,
1035340,1034214,0,
1035340,1035000,0,
1035342,1033918,0,
1035344,1032004,0,
1035346,1034570,0,
1035348,1031146,0,
1035350,1031890,0,
1035350,1031892,0,
1035354,1032734,0,
1035360,1032176,0,
1035360,1032178,0,
1035366,1031554,0,
1035368,1033122,0,
1035368,1034962,0,
1035374,1031472,0,
1035374,1031480,0,
1035380,1034036,0,
1035380,1034788,0,
1035380,1035158,0,
1035382,1035008,0,
1035386,1034424,0,
1035388,1032436,0,
1035404,1032644,0,
1035404,1032646,0,
1035410,1033900,0,
1035412,1032170,0,
1035418,1032290,0,
1035420,1031138,0,
1035420,1031140,0,
1035424,1031734,0,
1035426,1031082,0,
1035426,1031086,0,
1035426,1031088,0,
1035448,1032224,0,
1035456,1031862,0,
1035460,1031682,0,
1035466,1031252,0,
1035474,1035444,0,
1035476,1032314,0,
1035480,1034172,0,
1035498,1034390,0,
1035502,1030726,0,
1035506,1033654,0,
1035532,1033086,0,
1035532,1035484,0,
1035536,1034248,0,
1035542,1034998,0,
1035544,1034986,0,
1035546,1034986,0,
1035546,1035544,0,
1035552,1033974,0,
1035556,1032518,0,
1035562,1031332,0,
1035566,1034082,0,
1035584,1035582,0,
1035600,1030842,0,
1035606,1033654,0,
1035606,1035506,0,
1035620,1035388,0,
1035636,1030620,0,
1035636,1035610,0,
1035638,1031504,0,
1035640,1031476,0,
1035646,1031498,0,
1035646,1035002,0,
1035658,1031352,0,
1035662,1030856,0,
1035664,1033056,0,
1035666,1031724,0,
1035666,1031726,0,
1035668,1031310,0,
1035668,1031316,0,
1035670,1031734,0,
1035670,1035424,0,
1035672,1032870,0,
1035674,1030640,0,
1035680,1031720,0,
1035690,1031376,0,
1035692,1032744,0,
1035694,1031430,0,
1035696,1032222,0,
1035698,1031746,0,
1035712,1032022,0,
1035712,1032024,0,
1035714,1035222,0,
1035736,1034458,0,
1035744,1035742,0,
1035746,1033304,0,
1035760,1032852,0,
1035760,1032856,0,
1035760,1032858,0,
1035762,1031012,0,
1035764,1030956,0,
1035770,1034502,0,
1035770,1034506,0,
1035770,1034878,0,
1035790,1032408,0,
1035792,1033616,0,
1035792,1033618,0,
1035802,1033232,0,
1035802,1033238,0,
1035812,1035806,0,
1035816,1035814,0,
1035822,1033392,0,
1035824,1031310,0,
1035824,1031316,0,
1035824,1035668,0,
1035836,1032614,0,
1035838,1032430,0,
1035844,1033320,0,
1035846,1033124,0,
1035848,1033038,0,
1035850,1031628,0,
1035850,1031630,0,
1035852,1034304,0,
1035858,1034704,0,
1035866,1034986,0,
1035866,1035544,0,
1035866,1035546,0,
1035882,1034790,0,
1035884,1035882,0,
1035886,1034624,0,
1035888,1035886,0,
1035890,1031300,0,
1035898,1035738,0,
1035906,1031024,0,
1035916,1034646,0,
1035916,1034650,0,
1035930,1031774,0,
1035934,1030734,0,
1035936,1032378,0,
1035952,1031078,0,
1035956,1031970,0,
1035958,1030818,0,
1035958,1030820,0,
1035962,1034108,0,
1035978,1031174,0,
1035980,1032742,0,
1035986,1031638,0,
1035990,1033158,0,
1035996,1033156,0,
1036000,1032946,0,
1036002,1031610,0,
1036004,1032014,0,
1036010,1034318,0,
1036020,1033032,0,
1036022,1032366,0,
1036050,1036048,0,
1036068,1031130,0,
1036068,1031134,0,
1036076,1034846,0,
1036086,1035644,0,
1036088,1031490,0,
1036092,1031580,0,
1036096,1031858,0,
1036098,1031866,0,
1036102,1031928,0,
1036102,1031950,0,
1036102,1034938,0,
1036104,1031914,0,
1036104,1031926,0,
1036106,1031914,0,
1036106,1031926,0,
1036106,1036104,0,
1036114,1032166,0,
1036116,1032182,0,
1036118,1032208,0,
1036140,1033092,0,
1036144,1033090,0,
1036166,1036162,0,
1036176,1036174,0,
1036178,1035214,0,
1036184,1033890,0,
1036184,1033896,0,
1036190,1034238,0,
1036190,1035150,0,
1036214,1034224,0,
1036214,1034832,0,
1036216,1035154,0,
1036218,1034170,0,
1036220,1032966,0,
1036222,1033258,0,
1036226,1036222,0,
1036226,1036224,0,
1036238,1033258,0,
1036242,1033792,0,
1036244,1032972,0,
1036246,1034244,0,
1036246,1034262,0,
1036258,1034246,0,
1036262,1031316,0,
1036262,1031322,0,
1036262,1035668,0,
1036264,1033068,0,
1036264,1034584,0,
1036266,1033544,0,
1036266,1033546,0,
1036282,1033136,0,
1036284,1035932,0,
1036286,1033136,0,
1036286,1035932,0,
1036286,1036284,0,
1036298,1034412,0,
1036298,1034414,0,
1036302,1032594,0,
1036302,1032596,0,
1036316,1033620,0,
1036334,1033354,0,
1036344,1030894,0,
1036344,1030896,0,
1036346,1033120,0,
1036348,1033120,0,
1036348,1036346,0,
1036352,1034580,0,
1036354,1034250,0,
1036354,1034916,0,
1036392,1031606,0,
1036398,1031916,0,
1036404,1031740,0,
1036410,1031474,0,
1036426,1034056,0,
1036432,1031132,0,
1036434,1035944,0,
1036436,1035944,0,
1036436,1036434,0,
1036440,1035198,0,
1036446,1032860,0,
1036448,1035014,0,
1036452,1032158,0,
1036462,1031000,0,
1042509,1033186,0,
1042509,1033190,0,
1042509,1033204,0,
1043390,1034016,0,
1043474,1034382,0,
1043788,1031576,0,
1043792,1033248,0,
1043990,1032036,0,
1044010,1034512,0,
1044208,1036250,0,
1044538,1044536,0,
1044543,1044534,0,
1044631,1031474,0,
1044631,1036410,0,
1044850,1031850,0,
1045039,1031322,0,
1045051,1033054,0,
1045246,1031238,0,
1045248,1033402,0,
1045930,1034078,0,
1046010,1031612,0,
1046034,1030722,0,
1046245,1035084,0,
1046248,1033842,0,
1046249,1035376,0,
1046250,1033840,0,
1046250,1034952,0,
1046807,1032056,0,
1047105,1031592,0,
1047149,1031860,0,
1047149,1047147,0,
1047153,1036096,0,
1047367,1033316,0,
1047587,1030854,0,
1047522,1032800,0,
1047790,1032460,0,
1047916,1031858,0,
1047916,1036096,0,
1047916,1047153,0,
1047917,1031858,0,
1047917,1036096,0,
1047917,1047153,0,
1047917,1047916,0,
1047973,1032354,0,
1047973,1032356,0,
1032058,1032066,0,
1048028,1043154,0,
1048328,1032972,0,
1048328,1036244,0,
1034452,1034438,0,
1034452,1034440,0,
1034452,1034446,0,
1034452,1034448,0,
